// Original
(
    ox: 0.0,
    oy: 0.0,
    oz: 0.0,
    r: 1.0,
    p1i: 1.3264502315156905,
    p1j: 5.724679946541401,
    a: 6.126105674500097,
    l1: 1.6219122137499262,
    l2: 2.478367537831948,
    l3: 2.129301687433082,
    l4: 1.3089969389957472,
    l5: 2.4958208303518914,
    g: 2.5709048604820692,
    stat: "c2b1"
)
