// Original
(
    ox: 0.0,
    oy: 0.0,
    oz: 0.0,
    r: 1.0,
    p1i: 2.0245819323134224,
    p1j: 0.0,
    a: 0.0,
    l1: 1.5707963267948966,
    l2: 0.6108652381980153,
    l3: 1.2217304763960306,
    l4: 2.199114857512855,
    l5: 0.7853981633974483,
    g: 1.6580627893946132,
    stat: c1b1
)
