/* H. Yu, D. Tang, and Z. Wang. Apr. 2007. “Study on a new computer path
   synthesis method of a four-bar linkage.” Mechanism and Machine Theory,
   vol. 42, no. 4, pp. 383–392. */
(
   p1x: -44.87,
   p1y: 71.09,
   a: 5.187118536927147,
   l1: 76.77,
   l2: 27.31,
   l3: 46.44,
   l4: 72.55,
   l5: 60.42,
   g: 5.489060497522167,
   stat: "c1b1"
)
