// Original
(
    p1x: 0.0,
    p1y: 33.45674707966696,
    a: 0.8726646259971648,
    l1: 10.0,
    l2: 12.0,
    l3: 4.4,
    l4: 4.992662060369591,
    l5: 9.022323028308433,
    g: 3.815872467634048,
    stat: "c1b1"
)
