// Original
(
    p1x: 0.0,
    p1y: 33.45674707966696,
    a: 0.8726646259971648,
    l1: 10.0,
    l2: 15.0,
    l3: 3.0,
    l4: 22.0,
    l5: 15.0,
    g: 4.223696789826278,
    stat: false
)
